0 0.47043213 0.50583984 0.02184082 0.04257813
0 0.49503174 0.58571289 0.03015137 0.03969401
0 0.48621582 0.41453451 0.02395508 0.03655599
0 0.58499268 0.60647786 0.02793457 0.04649740
0 0.51140381 0.28998372 0.03333496 0.03031901
0 0.46195557 0.25782227 0.02466309 0.04499349
0 0.51896240 0.43711263 0.02673340 0.05125651
0 0.48018555 0.45347005 0.03620117 0.02915365
0 0.46150391 0.25709310 0.02420898 0.04505859
0 0.51906006 0.53854818 0.02712402 0.03746094
0 0.50640381 0.36714193 0.03488770 0.03335938
0 0.48218750 0.36261068 0.01679687 0.04557292
0 0.50575684 0.33766276 0.03565430 0.02239583
