0 0.50567383 0.58236328 0.03124023 0.04421875
0 0.46146729 0.25829753 0.02685059 0.04281901
0 0.58503662 0.60622396 0.02779785 0.04683594
0 0.51222900 0.29135091 0.03335449 0.02974609
0 0.53088379 0.51892904 0.03260742 0.02242839
0 0.51900391 0.44057943 0.03561523 0.02634115
0 0.55044922 0.32353841 0.03180664 0.04001953
0 0.49717041 0.39874674 0.01933105 0.04460286
0 0.44858154 0.51470378 0.02187988 0.05202474
0 0.50772461 0.36581055 0.02929688 0.02995443
0 0.50407715 0.33694336 0.03565430 0.02852214
0 0.42607910 0.39220703 0.03565430 0.03089844
0 0.42496582 0.43915690 0.02807617 0.03565755
