0 0.49688721 0.40104818 0.02299316 0.04273437
0 0.50612793 0.36659180 0.02800781 0.03038411
0 0.53122559 0.51835286 0.03301758 0.02748698
0 0.53428467 0.41583659 0.02077637 0.04918620
0 0.47094482 0.57593750 0.02229980 0.05402344
0 0.47614502 0.44299154 0.03068848 0.04158203
0 0.46160400 0.25720378 0.02565918 0.04525391
0 0.58569824 0.60766276 0.02931641 0.04990885
0 0.51008789 0.29219401 0.04216797 0.03682292
0 0.42600830 0.43209310 0.03373535 0.03499349
0 0.50695801 0.57137370 0.02138672 0.04075521
0 0.50564697 0.33619792 0.03633301 0.02891927
0 0.54712646 0.32318685 0.02711426 0.03470703
