0 0.45450195 0.60635417 0.03061523 0.02744792
0 0.48433350 0.60565104 0.03220215 0.02744792
0 0.58462646 0.59931641 0.03536621 0.04152344
0 0.55110352 0.52682292 0.03061523 0.03871094
0 0.52392334 0.51415365 0.02480957 0.04011719
0 0.51310059 0.54863932 0.02745117 0.03589844
0 0.44790771 0.51943685 0.03431152 0.03518880
0 0.51732178 0.41948893 0.02217285 0.04363932
0 0.49145508 0.27414714 0.01794922 0.04856771
0 0.50465332 0.31426432 0.01794922 0.03589844
0 0.48116455 0.32376302 0.01319824 0.05067708
0 0.46532959 0.29913411 0.02586426 0.03800781
0 0.45476563 0.33925456 0.02058594 0.04504557
0 0.47271729 0.38781250 0.01425293 0.04927083
0 0.52471191 0.35473307 0.03061523 0.02252604
0 0.52656006 0.37691081 0.03325684 0.01619141
