0 0.50795654 0.37110677 0.02841309 0.03462240
0 0.48787842 0.42233398 0.01886230 0.04671224
0 0.47193359 0.50154948 0.01982422 0.04768229
0 0.58510742 0.60650391 0.02749023 0.04730469
0 0.49604492 0.58467448 0.02681641 0.03975260
0 0.51680664 0.43815104 0.02437500 0.05330729
0 0.50961914 0.29360352 0.03734375 0.03508464
0 0.48168457 0.37289388 0.01332031 0.03900391
0 0.46223145 0.25789388 0.02438477 0.04494141
0 0.55028564 0.32352214 0.03031738 0.03985677
0 0.53443604 0.51238932 0.03193848 0.03114583
0 0.50528320 0.33659180 0.03796875 0.03231120
0 0.44833740 0.52804036 0.03554199 0.02962240
