0 0.49841797 0.29348958 0.01948242 0.04493490
0 0.46366455 0.30753581 0.03738770 0.03229818
0 0.48024902 0.33421549 0.03581055 0.02246745
0 0.53422852 0.31771159 0.02685547 0.03300130
0 0.53606934 0.35351562 0.03581055 0.02738281
0 0.53686035 0.39002930 0.02791016 0.04844401
0 0.51526855 0.41144531 0.02159180 0.04774740
0 0.49209961 0.36334635 0.03422852 0.02738281
0 0.48946777 0.39845378 0.02159180 0.04844401
0 0.46418945 0.54344401 0.02791016 0.03510417
0 0.49631592 0.54730469 0.03738770 0.03440104
0 0.49578857 0.57819661 0.03212402 0.03721354
0 0.45655518 0.61997396 0.02422363 0.04352865
0 0.43654297 0.59399740 0.03264648 0.02667969
