0 0.51930664 0.43732422 0.03014648 0.04809896
0 0.47784424 0.47230143 0.03411621 0.03815755
0 0.58467529 0.60655273 0.03110840 0.04796224
0 0.51226074 0.29097331 0.03260742 0.03000651
0 0.49125732 0.41983724 0.03554199 0.03036458
0 0.49655518 0.58503906 0.02749512 0.04190104
0 0.54978516 0.32323242 0.02979492 0.04031901
0 0.47864258 0.37012370 0.01413086 0.03457031
0 0.51841064 0.53694987 0.02965332 0.03472005
0 0.50650635 0.36751953 0.02715332 0.03782552
0 0.48505371 0.56305013 0.03138672 0.02435547
0 0.50683105 0.33914063 0.03934570 0.03622396
0 0.46186523 0.26544596 0.02904297 0.04496745
