0 0.43335693 0.30135742 0.03734863 0.02563151
0 0.47427979 0.29915365 0.03240723 0.03588542
0 0.47565186 0.34603190 0.01647949 0.04613932
0 0.46768799 0.37678385 0.02801270 0.01830729
0 0.44049805 0.37861003 0.03405273 0.02636068
0 0.42786377 0.39912109 0.00988770 0.04247396
0 0.52041260 0.39105794 0.03460449 0.03222005
0 0.56105713 0.42877930 0.03020996 0.02856120
0 0.53936035 0.43866536 0.02526367 0.04247396
0 0.51107422 0.42658203 0.02911133 0.04467448
0 0.50338623 0.45221680 0.02581543 0.03442057
0 0.54512695 0.48553385 0.03350586 0.03661458
0 0.51491699 0.48003906 0.02032227 0.03881510
0 0.46136963 0.51299479 0.03295410 0.03002604
0 0.47427979 0.55254883 0.01702637 0.04320964
0 0.50887939 0.59575195 0.01922363 0.04613932
0 0.54238281 0.59502279 0.03570313 0.04027995
0 0.48745850 0.64628581 0.03240723 0.03735026
