0 0.44039063 0.30032878 0.03366211 0.03964193
0 0.47068359 0.30555990 0.03029297 0.03515625
0 0.43253662 0.35306315 0.01795410 0.04787109
0 0.42720703 0.40205729 0.01626953 0.04712240
0 0.47433105 0.42038737 0.02412109 0.05086589
0 0.49480957 0.36465820 0.02019531 0.05610026
0 0.51472412 0.47947266 0.02187988 0.04488281
0 0.46002686 0.51500977 0.03590332 0.03067057
0 0.47377197 0.37026693 0.01963379 0.04188802
0 0.55091064 0.42524089 0.01570801 0.04712240
0 0.45722412 0.39270182 0.01795410 0.04039062
0 0.50799072 0.41327148 0.03085449 0.04113932
0 0.54053223 0.47124674 0.01851563 0.05086589
0 0.47545410 0.55165690 0.01626953 0.04563151
0 0.53492187 0.43421875 0.01851563 0.03815104
0 0.49677490 0.53969076 0.03085449 0.04563151
0 0.52257813 0.57260742 0.03646484 0.02767578
0 0.52089600 0.60701497 0.01963379 0.04263672
