0 0.48779541 0.42231120 0.02109863 0.04739583
0 0.49511475 0.58465495 0.02959473 0.04039062
0 0.50919189 0.29188802 0.03757324 0.03432292
0 0.44981445 0.53167318 0.03817383 0.03014323
0 0.58504639 0.60673828 0.02869629 0.04739583
0 0.51644287 0.43860677 0.02508301 0.05401042
0 0.55111572 0.32114583 0.02499512 0.03553385
0 0.46181641 0.25771159 0.02401367 0.04430339
0 0.53370117 0.51175781 0.03419922 0.03223958
0 0.47191895 0.50069010 0.01785156 0.04268229
0 0.50549805 0.33741862 0.03848633 0.03034505
0 0.48543213 0.37052083 0.01489746 0.04248698
0 0.50508301 0.37135091 0.03103516 0.03421224
