0 0.49886475 0.29326172 0.01965332 0.04979167
0 0.46564453 0.30977214 0.03419922 0.04298177
0 0.47350586 0.35825846 0.03262695 0.02987630
0 0.47940430 0.39678385 0.01847656 0.04088542
0 0.50377930 0.38316081 0.03105469 0.02201172
0 0.53601074 0.38499349 0.02633789 0.04140625
0 0.54623779 0.33284180 0.03498535 0.03145182
0 0.47743896 0.45103516 0.02712402 0.03511719
0 0.44028809 0.49689453 0.03066406 0.03040365
0 0.45640869 0.53149414 0.03459473 0.02935547
0 0.45719482 0.61064128 0.02516113 0.03564453
0 0.47586670 0.58967448 0.01454590 0.03878906
0 0.49375488 0.56949544 0.02594727 0.03197266
