0 0.41255127 0.45263021 0.03675293 0.03989583
0 0.53173828 0.52054036 0.03369141 0.02716146
0 0.49848389 0.58292318 0.02776855 0.03946615
0 0.50709961 0.36676107 0.02482422 0.02856120
0 0.46127197 0.25744792 0.02442871 0.04561198
0 0.55077393 0.32282552 0.03018066 0.03949219
0 0.49777832 0.58448568 0.02717773 0.03705729
0 0.51216309 0.29003581 0.03225586 0.02983724
0 0.58753662 0.60702474 0.02622559 0.04990885
0 0.42888184 0.39539714 0.02914062 0.04066406
0 0.52219971 0.44899414 0.02340332 0.05472005
0 0.50546631 0.33743815 0.03847168 0.02719401
0 0.50129395 0.40418620 0.03105469 0.03337240
0 0.47163330 0.54478516 0.03568848 0.02904948
