0 0.44418457 0.36341797 0.03246094 0.03459635
0 0.51220703 0.47941081 0.02026367 0.04477214
0 0.50431396 0.36945964 0.03457520 0.03350260
0 0.58658691 0.60706706 0.02791016 0.04784505
0 0.52926758 0.59192057 0.01767578 0.04907552
0 0.51519775 0.39720703 0.02460449 0.03683594
0 0.52572266 0.43081055 0.01888672 0.02852214
0 0.46150391 0.25796224 0.02637695 0.04169271
0 0.51427490 0.28722656 0.02538574 0.02100260
0 0.46516357 0.44381836 0.03977051 0.02922526
0 0.49538086 0.58639974 0.03381836 0.03214844
0 0.50397705 0.33598633 0.03380371 0.03357422
0 0.54760986 0.32172526 0.02380371 0.03449219
