0 0.53258301 0.52119141 0.03309570 0.02949219
0 0.50314697 0.36959310 0.03465332 0.03526693
0 0.40148438 0.52563151 0.03705078 0.02979167
0 0.55109131 0.32136719 0.02786621 0.03677083
0 0.50044434 0.58560221 0.02365234 0.04708984
0 0.50948486 0.29156901 0.03687012 0.03117188
0 0.52027832 0.44552409 0.02862305 0.04968099
0 0.46158447 0.25790690 0.02506348 0.04442057
0 0.50339111 0.40533529 0.03428223 0.03477214
0 0.44381836 0.36364258 0.02961914 0.03393880
0 0.58335449 0.60689779 0.02664063 0.04758464
0 0.48106201 0.53049154 0.02613770 0.04624349
0 0.50493408 0.33678711 0.03669434 0.02077474
