0 0.58921631 0.59797201 0.03456543 0.03232422
0 0.48281494 0.60366211 0.03815918 0.03052734
0 0.45162109 0.61323568 0.02693359 0.03890625
0 0.44847900 0.52584310 0.03681152 0.03412109
0 0.49785645 0.56804036 0.03232422 0.03591146
0 0.48596191 0.45341797 0.03007813 0.04130208
0 0.52569092 0.31245768 0.03770996 0.02633464
0 0.49987793 0.28880859 0.01661133 0.03531250
0 0.49404297 0.31903971 0.02917969 0.02513672
0 0.46598633 0.31514648 0.03232422 0.02693359
0 0.50167480 0.38937174 0.02828125 0.02693359
0 0.52097656 0.35106445 0.03097656 0.02573568
0 0.53916016 0.38697266 0.03142578 0.04369792
0 0.47317139 0.35973633 0.03501465 0.02992839
0 0.47563721 0.40462891 0.02199707 0.04429688
