0 0.45762451 0.42081380 0.03201660 0.03360677
0 0.46702881 0.54874023 0.02280762 0.05223307
0 0.50354980 0.36724609 0.03263672 0.03239583
0 0.53504883 0.41635091 0.01854492 0.04862630
0 0.50875000 0.56988607 0.01694336 0.04402995
0 0.58591064 0.60690104 0.02960449 0.05018229
0 0.46136719 0.25728516 0.02548828 0.04489583
0 0.50882568 0.57049479 0.01478027 0.04389323
0 0.51001709 0.28987630 0.03826660 0.02933594
0 0.53142090 0.51870117 0.03232422 0.02642578
0 0.51093506 0.47860026 0.03045410 0.04135417
0 0.49486084 0.40641602 0.02763184 0.04887370
0 0.50585693 0.33460286 0.03947754 0.03007813
0 0.54871826 0.32069661 0.02143066 0.03834635
