0 0.51770264 0.43804362 0.02481934 0.05134766
0 0.50882568 0.29208333 0.03794434 0.03433594
0 0.48893311 0.42170573 0.01889160 0.04964844
0 0.54986084 0.32346029 0.02760254 0.03811849
0 0.47466064 0.49995117 0.01701660 0.04642578
0 0.46201904 0.25744792 0.02453613 0.04515625
0 0.44717285 0.53183268 0.03629883 0.02624349
0 0.49503906 0.58390625 0.03050781 0.04139323
0 0.53142090 0.51069661 0.03007813 0.02807292
0 0.58406250 0.60729492 0.02707031 0.04478516
0 0.50510254 0.37032878 0.02857422 0.03074870
0 0.48530029 0.36965820 0.01704590 0.04412109
0 0.50585449 0.33623372 0.03709961 0.02673828
