0 0.58568848 0.60831706 0.02791016 0.04863932
0 0.50762695 0.57002279 0.01889648 0.04443359
0 0.45996826 0.25790365 0.02554199 0.04494792
0 0.53234619 0.41251628 0.02493652 0.05025391
0 0.50325928 0.36735677 0.03312988 0.03266927
0 0.49635254 0.40261719 0.02076172 0.04753906
0 0.53236084 0.51979818 0.02933105 0.02565104
0 0.50870605 0.29140625 0.04351563 0.03950521
0 0.51313965 0.47686198 0.03088867 0.03920573
0 0.53333252 0.41511068 0.01956543 0.04335937
0 0.47248779 0.44641602 0.02397949 0.03427734
0 0.46028320 0.25814779 0.02491211 0.04233724
0 0.50636230 0.33377279 0.03551758 0.02360026
0 0.45413818 0.41190104 0.03128418 0.03545573
