0 0.45320801 0.26886719 0.03224609 0.03139323
0 0.47930664 0.30401693 0.03019531 0.03207031
0 0.46472412 0.33267904 0.03173340 0.02388672
0 0.42659180 0.37532878 0.03224609 0.03275391
0 0.45013672 0.38453776 0.01279297 0.03480469
0 0.48980225 0.38249349 0.02661621 0.04026042
0 0.49901367 0.45585286 0.02866211 0.03684896
0 0.54763916 0.42616862 0.02456543 0.03753255
0 0.54532959 0.47496419 0.01688965 0.04231120
0 0.52511719 0.45585286 0.02354492 0.04640625
0 0.46549072 0.51794922 0.02814941 0.02865885
0 0.47521729 0.54934570 0.01688965 0.04231120
0 0.52306641 0.57323242 0.03275391 0.02729818
0 0.51794922 0.60837240 0.01740234 0.04162760
0 0.49466309 0.64453776 0.02098633 0.04845052
0 0.46882080 0.37020833 0.01535645 0.04026042
