0 0.47869873 0.27216146 0.03028809 0.04916667
0 0.51458740 0.28621419 0.02831543 0.03862630
0 0.50437988 0.31694336 0.02633789 0.04214193
0 0.44643555 0.29367513 0.03687500 0.03423828
0 0.46520020 0.32527995 0.02041016 0.04302083
0 0.45894775 0.36083333 0.03292480 0.02634115
0 0.56133545 0.46311198 0.03489746 0.05355469
0 0.47211426 0.58383464 0.01580078 0.04565104
0 0.49021973 0.60578451 0.03226562 0.04038411
0 0.51228271 0.55617839 0.02238770 0.04302083
0 0.52874268 0.59173503 0.04214355 0.02809245
0 0.46651855 0.62377930 0.01382813 0.04828776
