0 0.46336426 0.52231120 0.02423828 0.04429688
0 0.46019531 0.25881836 0.02641602 0.04439453
0 0.58531494 0.60757812 0.03051270 0.04861979
0 0.53355469 0.41341146 0.02201172 0.05136719
0 0.53115723 0.51749023 0.03331055 0.02973307
0 0.50364502 0.36824219 0.03370605 0.03541667
0 0.51191650 0.29085937 0.03179199 0.02889323
0 0.50873779 0.56971680 0.01777832 0.04297526
0 0.49667725 0.40163411 0.02159668 0.04813802
0 0.50633301 0.33393880 0.03705078 0.02451823
0 0.54837158 0.32139974 0.02346191 0.04066406
0 0.42931641 0.42814779 0.03166992 0.03518880
0 0.47535645 0.44300130 0.02874023 0.04144531
