0 0.58525391 0.60696940 0.03052734 0.04690755
0 0.53140625 0.51878906 0.03282227 0.02888021
0 0.47555664 0.44327799 0.02681641 0.04893880
0 0.50549072 0.36573893 0.03043457 0.02599609
0 0.49507324 0.55980794 0.01585937 0.04336589
0 0.53463135 0.41766602 0.01789551 0.04827474
0 0.46135254 0.26045898 0.03006836 0.04429036
0 0.51006104 0.59658529 0.03568848 0.03633464
0 0.55113037 0.32279297 0.02908691 0.03934896
0 0.51007813 0.28911133 0.03559570 0.02500651
0 0.42562500 0.43479818 0.03269531 0.03148438
0 0.49585449 0.39896159 0.02681641 0.04462891
0 0.50453369 0.33507487 0.04159668 0.02858724
