0 0.47520508 0.46365234 0.03022461 0.04592448
0 0.51513672 0.59569336 0.01890625 0.04630859
0 0.42114258 0.44343750 0.03436523 0.03678385
0 0.55199219 0.32175130 0.02893555 0.03687500
0 0.50488037 0.52983073 0.03440918 0.02682292
0 0.51220459 0.28956706 0.03296387 0.02878255
0 0.50394775 0.36696940 0.02856934 0.02880859
0 0.49631348 0.39757487 0.02840820 0.04119141
0 0.46231934 0.25791667 0.02341797 0.04412760
0 0.53254639 0.52022461 0.02885254 0.02862630
0 0.58414063 0.60710612 0.03088867 0.04412109
0 0.45397949 0.43126628 0.01960937 0.04738932
0 0.50594727 0.33631510 0.03873047 0.02876302
