0 0.44794434 0.52976563 0.03674805 0.02992188
0 0.49476318 0.58331380 0.03074707 0.04210938
0 0.58536133 0.60743815 0.03318359 0.04809245
0 0.51746582 0.43798503 0.02498047 0.05180339
0 0.47384277 0.49972005 0.01752930 0.04358073
0 0.48851074 0.42148763 0.01921875 0.04397786
0 0.54689697 0.32586914 0.03097168 0.04203776
0 0.50916016 0.29243490 0.03750977 0.03212240
0 0.48158936 0.37188477 0.01174316 0.03552734
0 0.46216797 0.26621094 0.02759766 0.03523437
0 0.50663818 0.36922201 0.02594238 0.03712891
0 0.53270996 0.51319336 0.03427734 0.03522786
0 0.50539551 0.33752930 0.03677734 0.02856120
