0 0.53230957 0.41286784 0.02512695 0.05085286
0 0.50923828 0.47873047 0.02926758 0.03902344
0 0.47603271 0.45674479 0.03637207 0.02994792
0 0.49180176 0.40164714 0.02483398 0.04606771
0 0.54848389 0.32031576 0.02051270 0.04030599
0 0.51015381 0.29440430 0.03778809 0.02735026
0 0.46103027 0.26129232 0.02483398 0.04175130
0 0.50583984 0.33543294 0.03995117 0.02159505
0 0.50287109 0.36745768 0.03077148 0.03238932
0 0.45725098 0.41712240 0.03455078 0.03095052
0 0.53013184 0.51790039 0.03239258 0.02375651
0 0.50665039 0.56828451 0.02105469 0.04246745
0 0.58438965 0.60679036 0.02861328 0.04319010
