0 0.43625244 0.28681315 0.03082520 0.04824870
0 0.48048096 0.27787760 0.02948730 0.05360677
0 0.52705322 0.28368490 0.03819824 0.03484375
0 0.50862305 0.32970378 0.02680664 0.04110026
0 0.47143066 0.32032227 0.02613281 0.03663411
0 0.48718018 0.36365234 0.03618652 0.02859375
0 0.56860107 0.46372396 0.02747559 0.04289062
0 0.50158691 0.46596029 0.03149414 0.03126953
0 0.53542969 0.50572266 0.02814453 0.05003906
0 0.44429443 0.52672201 0.03618652 0.03126953
0 0.52470703 0.59908854 0.03216797 0.03305990
0 0.50661377 0.55843750 0.01876465 0.04467448
0 0.47981201 0.52493164 0.01876465 0.04378255
0 0.47009277 0.58390299 0.01809570 0.04556641
0 0.49120117 0.60400391 0.02814453 0.03574219
0 0.44831299 0.61383464 0.03082520 0.03574219
