0 0.48829834 0.42208008 0.02023926 0.04710286
0 0.49534668 0.58466797 0.02941406 0.04108073
0 0.50882568 0.29265299 0.03840332 0.03453776
0 0.51807129 0.43632161 0.02750977 0.05261719
0 0.54687256 0.32490560 0.02924316 0.03979818
0 0.53260986 0.51127279 0.03294434 0.03129557
0 0.58703857 0.60752604 0.02914551 0.04341146
0 0.44705811 0.53151042 0.03557129 0.02717448
0 0.47294189 0.50021484 0.01963379 0.04571615
0 0.46122559 0.25896810 0.02500000 0.04059245
0 0.50453857 0.33668620 0.03450684 0.02596354
0 0.50490723 0.36889648 0.02883789 0.03253255
0 0.48407715 0.36955078 0.01626953 0.03976562
