0 0.48796387 0.42197266 0.01964844 0.04803385
0 0.50741211 0.37111654 0.02813477 0.03535807
0 0.58507080 0.60712565 0.03596191 0.04774089
0 0.51659668 0.43857422 0.02491211 0.05432292
0 0.46118896 0.25852539 0.02625488 0.04176432
0 0.51056885 0.29097982 0.03704590 0.02970703
0 0.47474854 0.49999023 0.01729980 0.04634766
0 0.44867676 0.53103516 0.03770508 0.02765625
0 0.49439941 0.58566406 0.03083008 0.03351563
0 0.53253906 0.51221029 0.03166992 0.03597005
0 0.48532715 0.36987956 0.01818359 0.05004557
0 0.54866943 0.32296224 0.02521973 0.04066406
0 0.50409668 0.33625651 0.04046875 0.02658854
