0 0.77523926 0.80689128 0.03365234 0.05288411
0 0.69771484 0.92708659 0.03245117 0.07211589
0 0.48738037 0.62509766 0.03247559 0.03768229
0 0.40386719 0.71620117 0.02657227 0.04330078
0 0.38109131 0.66896159 0.02741699 0.04218099
0 0.67824463 0.63409831 0.02108887 0.05117839
0 0.52112061 0.55592448 0.03247559 0.03768229
0 0.46481689 0.58545247 0.02699707 0.04611328
0 0.47388428 0.52808594 0.04344238 0.03486979
0 0.46366211 0.30149414 0.03403320 0.04475911
0 0.49606445 0.29962891 0.02890625 0.05346354
0 0.55271240 0.33444010 0.04429199 0.02610677
0 0.53289551 0.36925130 0.02890625 0.04351563
0 0.49420166 0.35930664 0.03356934 0.03481120
0 0.50422607 0.38789714 0.02098145 0.03854167
0 0.48627686 0.37981771 0.02797363 0.03108073
0 0.45433838 0.36986979 0.03310059 0.02610677
