0 0.45894531 0.49823568 0.02288086 0.04361979
0 0.53224121 0.51950521 0.03160156 0.02834635
0 0.49302734 0.52093750 0.02958008 0.02682292
0 0.58583496 0.60776367 0.02875000 0.04886068
0 0.51476074 0.59964518 0.01744141 0.04498047
0 0.42436035 0.43623698 0.03083984 0.03536458
0 0.50524902 0.36444336 0.03261719 0.02664714
0 0.46187744 0.25794922 0.02454590 0.04460937
0 0.55062988 0.32306315 0.03021484 0.04089193
0 0.50984375 0.29178711 0.03627930 0.03281901
0 0.49685303 0.39866862 0.02598145 0.04242839
0 0.48989746 0.46730143 0.03728516 0.02823568
0 0.50445068 0.33542969 0.03701660 0.02710938
