0 0.48775635 0.42219727 0.01924316 0.04662109
0 0.49524170 0.58411458 0.03042480 0.04247396
0 0.51006348 0.29201823 0.03622070 0.03145833
0 0.48612061 0.37343424 0.02511230 0.04082682
0 0.54942383 0.32333659 0.02913086 0.03953776
0 0.46118408 0.25854167 0.02596191 0.04354167
0 0.58663818 0.60782552 0.03052246 0.05057292
0 0.44520508 0.53226237 0.03224609 0.02556641
0 0.47070068 0.49879557 0.01640137 0.03791667
0 0.51682861 0.43923177 0.02416504 0.05200521
0 0.50663818 0.36758789 0.02894043 0.04069661
0 0.53413330 0.51234701 0.03277832 0.03171224
0 0.50457520 0.33624349 0.03997070 0.02747396
