0 0.50767090 0.29388021 0.03529297 0.02669271
0 0.54788574 0.32080404 0.02544922 0.03348307
0 0.50970703 0.33664388 0.03665039 0.02262370
0 0.50156494 0.37103190 0.02918457 0.03710286
0 0.48069336 0.36560221 0.01594727 0.04072266
0 0.46864990 0.39365234 0.03732910 0.02714844
0 0.48171631 0.44500326 0.02341309 0.04569661
0 0.51463135 0.43640625 0.01662598 0.04841146
0 0.53210449 0.50925781 0.02714844 0.03212240
0 0.44778076 0.52667318 0.03562988 0.02352865
0 0.49596680 0.58482096 0.02816406 0.03845703
0 0.49630615 0.63210286 0.03020020 0.02714844
0 0.58199219 0.60314779 0.02714844 0.04253255
