0 0.39787109 0.69378581 0.02299805 0.05212891
0 0.47204346 0.61022135 0.04024902 0.02606771
0 0.51659668 0.56805990 0.02242188 0.05059896
0 0.59163086 0.50519531 0.03679687 0.04292969
0 0.51458496 0.44654948 0.02299805 0.04829427
0 0.53758301 0.40784180 0.03334961 0.03986328
0 0.45048096 0.27444661 0.02587402 0.04906250
0 0.42403076 0.30664062 0.03047363 0.04446615
0 0.45795410 0.35340820 0.02357422 0.05826172
0 0.43121582 0.37985677 0.02759766 0.04829427
0 0.44386963 0.23075195 0.03104980 0.04599609
0 0.54649658 0.35034180 0.03507324 0.03526693
